Parameter Description         Step 0         Step 1         Step 2         Step 3         Step 4         Step 5         Step 6         Step 7         Step 8         Step 9         Step 10        Step 11        Step 12        Step 13        Step 14        Step 15        Step 16        Step 17        Step 18        Step 19        
------------------------------------------------------------------------------------------------------------------------------------------------------------------------------------------------------------------------------------------------------------------------------------------------------------------------------------------
Mesh_Left_PosX                -2.000000      -2.000000      -2.000000      -2.000000      -2.000000      -2.000000      -2.000000      -2.000000      -2.000000      -2.000000      -2.000000      -2.000000      -2.000000      -2.000000      -2.000000      -2.000000      -2.000000      -2.000000      -2.000000      -2.000000      
Mesh_Left_PosY                0.000000       0.000000       0.000000       0.000000       0.000000       0.000000       0.000000       0.000000       0.000000       0.000000       0.000000       0.000000       0.000000       0.000000       0.000000       0.000000       0.000000       0.000000       0.000000       0.000000       
Mesh_Left_PosZ                0.000000       0.000000       0.000000       0.000000       0.000000       0.000000       0.000000       0.000000       0.000000       0.000000       0.000000       0.000000       0.000000       0.000000       0.000000       0.000000       0.000000       0.000000       0.000000       0.000000       
Mesh_Right_PosX               2.000000       2.000000       2.000000       2.000000       2.000000       2.000000       2.000000       2.000000       2.000000       2.000000       2.000000       2.000000       2.000000       2.000000       2.000000       2.000000       2.000000       2.000000       2.000000       2.000000       
Mesh_Right_PosY               0.000000       0.000000       0.000000       0.000000       0.000000       0.000000       0.000000       0.000000       0.000000       0.000000       0.000000       0.000000       0.000000       0.000000       0.000000       0.000000       0.000000       0.000000       0.000000       0.000000       
Mesh_Right_PosZ               0.000000       0.000000       0.000000       0.000000       0.000000       0.000000       0.000000       0.000000       0.000000       0.000000       0.000000       0.000000       0.000000       0.000000       0.000000       0.000000       0.000000       0.000000       0.000000       0.000000       
Mesh_Pusher_PosX              0.000000       0.000000       0.000000       0.000000       0.000000       0.000000       0.000000       0.000000       0.000000       0.000000       0.000000       0.000000       0.000000       0.000000       0.000000       0.000000       0.000000       0.000000       0.000000       0.000000       
Mesh_Pusher_PosY              0.200000       0.100000       0.000000       -0.100000      -0.200000      -0.300000      -0.400000      -0.500000      -0.600000      -0.700000      -0.800000      -0.900000      -1.000000      -1.100000      -1.200000      -1.300000      -1.400000      -1.500000      -1.600000      -1.700000      
Mesh_Pusher_PosZ              0.000000       0.000000       0.000000       0.000000       0.000000       0.000000       0.000000       0.000000       0.000000       0.000000       0.000000       0.000000       0.000000       0.000000       0.000000       0.000000       0.000000       0.000000       0.000000       0.000000       
PushedMuscle_OriginX          -1.780000      -1.780000      -1.780000      -1.780000      -1.780000      -1.780000      -1.780000      -1.780000      -1.780000      -1.780000      -1.780000      -1.780000      -1.780000      -1.780000      -1.780000      -1.780000      -1.780000      -1.780000      -1.780000      -1.780000      
PushedMuscle_OriginY          0.000000       0.000000       0.000000       0.000000       0.000000       0.000000       0.000000       0.000000       0.000000       0.000000       0.000000       0.000000       0.000000       0.000000       0.000000       0.000000       0.000000       0.000000       0.000000       0.000000       
PushedMuscle_OriginZ          0.000000       0.000000       0.000000       0.000000       0.000000       0.000000       0.000000       0.000000       0.000000       0.000000       0.000000       0.000000       0.000000       0.000000       0.000000       0.000000       0.000000       0.000000       0.000000       0.000000       
PushedMuscle_InsertionX       1.780000       1.780000       1.780000       1.780000       1.780000       1.780000       1.780000       1.780000       1.780000       1.780000       1.780000       1.780000       1.780000       1.780000       1.780000       1.780000       1.780000       1.780000       1.780000       1.780000       
PushedMuscle_InsertionY       0.000000       0.000000       0.000000       0.000000       0.000000       0.000000       0.000000       0.000000       0.000000       0.000000       0.000000       0.000000       0.000000       0.000000       0.000000       0.000000       0.000000       0.000000       0.000000       0.000000       
PushedMuscle_InsertionZ       0.000000       0.000000       0.000000       0.000000       0.000000       0.000000       0.000000       0.000000       0.000000       0.000000       0.000000       0.000000       0.000000       0.000000       0.000000       0.000000       0.000000       0.000000       0.000000       0.000000       
