MUSCLE LOG: PushedMuscle (System: CasSys_PushedMuscle)
================================================================================================================================================================================================================================================================================================================================
Parameter           Step 0         Step 1         Step 2         Step 3         Step 4         Step 5         Step 6         Step 7         Step 8         Step 9         Step 10        Step 11        Step 12        Step 13        Step 14        Step 15        Step 16        Step 17        Step 18        Step 19        
--------------------------------------------------------------------------------------------------------------------------------------------------------------------------------------------------------------------------------------------------------------------------------------------------------------------------------
Node 0 Pos X        -1.780000      -1.780000      -1.780000      -1.780000      -1.780000      -1.780000      -1.780000      -1.780000      -1.780000      -1.780000      -1.780000      -1.780000      -1.780000      -1.780000      -1.780000      -1.780000      -1.780000      -1.780000      -1.780000      -1.780000      
Node 0 Pos Y        0.000000       0.000000       0.000000       0.000000       0.000000       0.000000       0.000000       0.000000       0.000000       0.000000       0.000000       0.000000       0.000000       0.000000       0.000000       0.000000       0.000000       0.000000       0.000000       0.000000       
Node 0 Pos Z        0.000000       0.000000       0.000000       0.000000       0.000000       0.000000       0.000000       0.000000       0.000000       0.000000       0.000000       0.000000       0.000000       0.000000       0.000000       0.000000       0.000000       0.000000       0.000000       0.000000       

Node 1 Pos X        -1.800099      -1.800096      -1.800092      -1.800087      -1.800081      -1.800074      -1.800068      -1.800035      -1.800032      -1.800031      -1.800026      -1.800024      -1.800022      -1.800020      -1.800019      -1.790024      -1.790025      -1.790027      -1.790033      -1.800032      
Node 1 Pos Y        -0.006296      -0.006210      -0.006073      -0.005895      -0.005686      -0.005456      -0.005216      -0.003762      -0.003583      -0.003546      -0.003250      -0.003103      -0.002972      -0.002858      -0.002765      -0.002205      -0.002223      -0.002327      -0.002554      -0.003566      
Node 1 Pos Z        0.000000       0.000000       0.000000       0.000000       0.000000       0.000000       0.000000       0.000000       0.000000       0.000000       0.000000       0.000000       0.000000       0.000000       0.000000       0.000000       0.000000       0.000000       0.000000       0.000000       
Node 1 Eta 0        1.1746e-02     1.1746e-02     1.1745e-02     1.1744e-02     1.1743e-02     1.1742e-02     1.1741e-02     1.9918e-03     1.9926e-03     1.9927e-03     1.9939e-03     1.9944e-03     1.9949e-03     1.9953e-03     1.9956e-03     1.9867e-11     1.2133e-11     3.2334e-11     0.0000e+00     1.9927e-03     
Node 1 Eta 1        0.0000e+00     0.0000e+00     0.0000e+00     0.0000e+00     0.0000e+00     0.0000e+00     0.0000e+00     0.0000e+00     0.0000e+00     0.0000e+00     0.0000e+00     0.0000e+00     0.0000e+00     0.0000e+00     0.0000e+00     0.0000e+00     0.0000e+00     0.0000e+00     0.0000e+00     0.0000e+00     
Node 1 Eta 2        0.0000e+00     0.0000e+00     0.0000e+00     0.0000e+00     0.0000e+00     0.0000e+00     0.0000e+00     0.0000e+00     0.0000e+00     0.0000e+00     0.0000e+00     0.0000e+00     0.0000e+00     0.0000e+00     0.0000e+00     0.0000e+00     0.0000e+00     0.0000e+00     0.0000e+00     0.0000e+00     

Node 2 Pos X        -1.702796      -1.702794      -1.702790      -1.702785      -1.702779      -1.702773      -1.702767      -1.800156      -1.800142      -1.800139      -1.800116      -1.800106      -1.800097      -1.800090      -1.800084      -1.800049      -1.800049      -1.800054      -1.800065      -1.800140      
Node 2 Pos Y        -0.016289      -0.016068      -0.015713      -0.015252      -0.014710      -0.014115      -0.013493      -0.007898      -0.007522      -0.007446      -0.006824      -0.006515      -0.006240      -0.006002      -0.005805      -0.004411      -0.004447      -0.004654      -0.005107      -0.007487      
Node 2 Pos Z        0.000000       0.000000       0.000000       0.000000       0.000000       0.000000       0.000000       0.000000       0.000000       0.000000       0.000000       0.000000       0.000000       0.000000       0.000000       0.000000       0.000000       0.000000       0.000000       0.000000       
Node 2 Eta 0        0.0000e+00     0.0000e+00     4.6515e-13     8.1975e-13     0.0000e+00     0.0000e+00     0.0000e+00     1.0307e-02     1.0305e-02     1.0607e-02     1.0301e-02     1.0300e-02     1.0299e-02     1.0298e-02     1.0297e-02     9.9585e-04     9.9579e-04     9.9538e-04     9.9444e-04     1.0304e-02     
Node 2 Eta 1        0.0000e+00     0.0000e+00     0.0000e+00     0.0000e+00     1.6443e-15     0.0000e+00     0.0000e+00     0.0000e+00     0.0000e+00     0.0000e+00     0.0000e+00     0.0000e+00     0.0000e+00     0.0000e+00     0.0000e+00     0.0000e+00     0.0000e+00     0.0000e+00     0.0000e+00     0.0000e+00     
Node 2 Eta 2        0.0000e+00     0.0000e+00     0.0000e+00     0.0000e+00     0.0000e+00     0.0000e+00     0.0000e+00     0.0000e+00     0.0000e+00     0.0000e+00     0.0000e+00     0.0000e+00     0.0000e+00     0.0000e+00     0.0000e+00     0.0000e+00     0.0000e+00     0.0000e+00     0.0000e+00     0.0000e+00     

Node 3 Pos X        -1.605493      -1.605491      -1.605488      -1.605483      -1.605477      -1.605471      -1.605466      -1.697289      -1.697275      -1.694246      -1.697252      -1.697242      -1.697234      -1.697228      -1.697222      -1.800117      -1.800119      -1.800130      -1.800157      -1.697276      
Node 3 Pos Y        -0.026283      -0.025925      -0.025353      -0.024608      -0.023734      -0.022775      -0.021771      -0.016105      -0.015337      -0.015294      -0.013912      -0.013282      -0.012721      -0.012236      -0.011835      -0.006835      -0.006892      -0.007213      -0.007915      -0.015266      
Node 3 Pos Z        0.000000       0.000000       0.000000       0.000000       0.000000       0.000000       0.000000       0.000000       0.000000       0.000001       0.000001       0.000001       0.000001       0.000001       0.000001       0.000000       0.000000       0.000000       0.000000       0.000001       
Node 3 Eta 0        0.0000e+00     0.0000e+00     1.5931e-13     4.8091e-13     0.0000e+00     0.0000e+00     0.0000e+00     0.0000e+00     0.0000e+00     0.0000e+00     0.0000e+00     0.0000e+00     0.0000e+00     0.0000e+00     0.0000e+00     1.0602e-02     1.0602e-02     1.0603e-02     1.0606e-02     0.0000e+00     
Node 3 Eta 1        7.5556e-16     0.0000e+00     0.0000e+00     0.0000e+00     3.5921e-15     7.8972e-17     0.0000e+00     0.0000e+00     0.0000e+00     0.0000e+00     0.0000e+00     0.0000e+00     0.0000e+00     0.0000e+00     0.0000e+00     0.0000e+00     0.0000e+00     0.0000e+00     0.0000e+00     0.0000e+00     
Node 3 Eta 2        0.0000e+00     0.0000e+00     0.0000e+00     0.0000e+00     0.0000e+00     0.0000e+00     0.0000e+00     0.0000e+00     0.0000e+00     0.0000e+00     0.0000e+00     0.0000e+00     0.0000e+00     0.0000e+00     0.0000e+00     0.0000e+00     0.0000e+00     0.0000e+00     0.0000e+00     0.0000e+00     

Node 4 Pos X        -1.508191      -1.508189      -1.508186      -1.508182      -1.508176      -1.508170      -1.508165      -1.594422      -1.594409      -1.588353      -1.594387      -1.594379      -1.594371      -1.594365      -1.594360      -1.694229      -1.694231      -1.694242      -1.694267      -1.594412      
Node 4 Pos Y        -0.036277      -0.035782      -0.034993      -0.033965      -0.032758      -0.031434      -0.030048      -0.024312      -0.023152      -0.023142      -0.021000      -0.020049      -0.019202      -0.018470      -0.017864      -0.012884      -0.012990      -0.013596      -0.014920      -0.023045      
Node 4 Pos Z        0.000000       0.000000       0.000000       0.000000       0.000000       0.000000       0.000001       0.000001       0.000001       0.000001       0.000001       0.000001       0.000001       0.000001       0.000001       0.000001       0.000001       0.000001       0.000001       0.000001       
Node 4 Eta 0        0.0000e+00     0.0000e+00     8.0552e-14     3.0382e-13     0.0000e+00     0.0000e+00     0.0000e+00     0.0000e+00     0.0000e+00     0.0000e+00     0.0000e+00     0.0000e+00     0.0000e+00     0.0000e+00     0.0000e+00     0.0000e+00     0.0000e+00     0.0000e+00     0.0000e+00     0.0000e+00     
Node 4 Eta 1        2.2314e-15     0.0000e+00     0.0000e+00     0.0000e+00     5.2657e-15     1.2654e-16     0.0000e+00     0.0000e+00     0.0000e+00     0.0000e+00     0.0000e+00     0.0000e+00     0.0000e+00     0.0000e+00     1.7619e-15     0.0000e+00     0.0000e+00     0.0000e+00     0.0000e+00     0.0000e+00     
Node 4 Eta 2        0.0000e+00     0.0000e+00     0.0000e+00     0.0000e+00     0.0000e+00     0.0000e+00     0.0000e+00     0.0000e+00     0.0000e+00     0.0000e+00     0.0000e+00     0.0000e+00     0.0000e+00     0.0000e+00     0.0000e+00     0.0000e+00     0.0000e+00     0.0000e+00     0.0000e+00     0.0000e+00     

Node 5 Pos X        -1.410888      -1.410886      -1.410883      -1.410880      -1.410874      -1.410868      -1.410864      -1.491555      -1.491543      -1.482459      -1.491523      -1.491515      -1.491508      -1.491503      -1.491498      -1.588340      -1.588343      -1.588353      -1.588377      -1.491548      
Node 5 Pos Y        -0.046270      -0.045640      -0.044633      -0.043322      -0.041782      -0.040093      -0.038326      -0.032518      -0.030967      -0.030991      -0.028089      -0.026817      -0.025683      -0.024704      -0.023894      -0.018932      -0.019088      -0.019979      -0.021925      -0.030824      
Node 5 Pos Z        0.000000       0.000000       0.000000       0.000000       0.000000       0.000000       0.000001       0.000001       0.000001       0.000001       0.000001       0.000002       0.000002       0.000002       0.000002       0.000001       0.000001       0.000001       0.000001       0.000001       
Node 5 Eta 0        0.0000e+00     0.0000e+00     4.8108e-14     2.0905e-13     0.0000e+00     0.0000e+00     0.0000e+00     0.0000e+00     0.0000e+00     0.0000e+00     0.0000e+00     0.0000e+00     0.0000e+00     0.0000e+00     0.0000e+00     0.0000e+00     0.0000e+00     0.0000e+00     0.0000e+00     0.0000e+00     
Node 5 Eta 1        3.1953e-15     0.0000e+00     0.0000e+00     0.0000e+00     6.6651e-15     9.9103e-17     0.0000e+00     0.0000e+00     0.0000e+00     0.0000e+00     0.0000e+00     0.0000e+00     0.0000e+00     0.0000e+00     3.9092e-15     0.0000e+00     0.0000e+00     0.0000e+00     0.0000e+00     0.0000e+00     
Node 5 Eta 2        0.0000e+00     0.0000e+00     0.0000e+00     0.0000e+00     0.0000e+00     0.0000e+00     0.0000e+00     0.0000e+00     0.0000e+00     0.0000e+00     0.0000e+00     0.0000e+00     0.0000e+00     0.0000e+00     0.0000e+00     0.0000e+00     0.0000e+00     0.0000e+00     0.0000e+00     0.0000e+00     

Node 6 Pos X        -1.313585      -1.313584      -1.313581      -1.313578      -1.313572      -1.313567      -1.313562      -1.388688      -1.388676      -1.376566      -1.388658      -1.388651      -1.388645      -1.388640      -1.388636      -1.482452      -1.482454      -1.482464      -1.482488      -1.388684      
Node 6 Pos Y        -0.056264      -0.055497      -0.054273      -0.052678      -0.050807      -0.048753      -0.046603      -0.040725      -0.038782      -0.038839      -0.035177      -0.033584      -0.032164      -0.030938      -0.029923      -0.024980      -0.025186      -0.026362      -0.028931      -0.038603      
Node 6 Pos Z        0.000000       0.000000       0.000000       0.000000       0.000000       0.000001       0.000001       0.000001       0.000001       0.000001       0.000002       0.000002       0.000002       0.000002       0.000002       0.000002       0.000002       0.000002       0.000002       0.000002       
Node 6 Eta 0        0.0000e+00     0.0000e+00     3.1679e-14     1.5299e-13     0.0000e+00     0.0000e+00     0.0000e+00     0.0000e+00     0.0000e+00     0.0000e+00     0.0000e+00     0.0000e+00     0.0000e+00     0.0000e+00     0.0000e+00     0.0000e+00     0.0000e+00     0.0000e+00     0.0000e+00     0.0000e+00     
Node 6 Eta 1        3.6415e-15     0.0000e+00     0.0000e+00     0.0000e+00     7.7900e-15     0.0000e+00     0.0000e+00     0.0000e+00     0.0000e+00     0.0000e+00     0.0000e+00     0.0000e+00     0.0000e+00     3.5747e-16     5.7488e-15     0.0000e+00     0.0000e+00     0.0000e+00     0.0000e+00     2.4190e-16     
Node 6 Eta 2        0.0000e+00     0.0000e+00     0.0000e+00     0.0000e+00     0.0000e+00     0.0000e+00     0.0000e+00     0.0000e+00     0.0000e+00     0.0000e+00     0.0000e+00     0.0000e+00     0.0000e+00     0.0000e+00     0.0000e+00     0.0000e+00     0.0000e+00     0.0000e+00     0.0000e+00     0.0000e+00     

Node 7 Pos X        -1.216282      -1.216281      -1.216279      -1.216276      -1.216270      -1.216265      -1.216261      -1.285821      -1.285810      -1.270673      -1.285794      -1.285788      -1.285782      -1.285778      -1.285774      -1.376564      -1.376566      -1.376576      -1.376598      -1.285820      
Node 7 Pos Y        -0.066257      -0.065354      -0.063913      -0.062035      -0.059831      -0.057412      -0.054881      -0.048932      -0.046597      -0.046687      -0.042266      -0.040351      -0.038645      -0.037172      -0.035952      -0.031028      -0.031284      -0.032744      -0.035936      -0.046382      
Node 7 Pos Z        0.000000       0.000000       0.000000       0.000001       0.000000       0.000001       0.000001       0.000001       0.000001       0.000002       0.000002       0.000002       0.000002       0.000002       0.000002       0.000002       0.000002       0.000002       0.000002       0.000002       
Node 7 Eta 0        0.0000e+00     0.0000e+00     2.2273e-14     1.1698e-13     0.0000e+00     0.0000e+00     0.0000e+00     0.0000e+00     0.0000e+00     0.0000e+00     0.0000e+00     0.0000e+00     0.0000e+00     0.0000e+00     0.0000e+00     0.0000e+00     0.0000e+00     0.0000e+00     0.0000e+00     0.0000e+00     
Node 7 Eta 1        3.5639e-15     0.0000e+00     0.0000e+00     0.0000e+00     8.6402e-15     0.0000e+00     0.0000e+00     0.0000e+00     0.0000e+00     0.0000e+00     0.0000e+00     0.0000e+00     0.0000e+00     5.5310e-16     7.2807e-15     0.0000e+00     0.0000e+00     0.0000e+00     0.0000e+00     3.4031e-16     
Node 7 Eta 2        0.0000e+00     0.0000e+00     0.0000e+00     0.0000e+00     0.0000e+00     0.0000e+00     0.0000e+00     0.0000e+00     0.0000e+00     0.0000e+00     0.0000e+00     0.0000e+00     0.0000e+00     0.0000e+00     0.0000e+00     0.0000e+00     0.0000e+00     0.0000e+00     0.0000e+00     0.0000e+00     

Node 8 Pos X        -1.118979      -1.118979      -1.118977      -1.118974      -1.118969      -1.118964      -1.118960      -1.182953      -1.182944      -1.164780      -1.182929      -1.182924      -1.182919      -1.182915      -1.182913      -1.270676      -1.270678      -1.270687      -1.270709      -1.182955      
Node 8 Pos Y        -0.076251      -0.075212      -0.073553      -0.071391      -0.068855      -0.066071      -0.063158      -0.057139      -0.054412      -0.054536      -0.049354      -0.047118      -0.045127      -0.043407      -0.041982      -0.037077      -0.037382      -0.039127      -0.042941      -0.054161      
Node 8 Pos Z        0.000000       0.000000       0.000000       0.000001       0.000001       0.000001       0.000001       0.000001       0.000001       0.000002       0.000002       0.000003       0.000003       0.000003       0.000003       0.000003       0.000003       0.000003       0.000002       0.000003       
Node 8 Eta 0        0.0000e+00     0.0000e+00     1.6420e-14     9.2418e-14     0.0000e+00     0.0000e+00     0.0000e+00     0.0000e+00     0.0000e+00     0.0000e+00     0.0000e+00     0.0000e+00     0.0000e+00     0.0000e+00     0.0000e+00     0.0000e+00     0.0000e+00     0.0000e+00     0.0000e+00     0.0000e+00     
Node 8 Eta 1        2.9555e-15     0.0000e+00     0.0000e+00     0.0000e+00     9.2154e-15     0.0000e+00     0.0000e+00     0.0000e+00     0.0000e+00     0.0000e+00     0.0000e+00     0.0000e+00     0.0000e+00     5.4694e-16     8.5047e-15     0.0000e+00     0.0000e+00     0.0000e+00     0.0000e+00     1.4684e-16     
Node 8 Eta 2        0.0000e+00     0.0000e+00     0.0000e+00     0.0000e+00     0.0000e+00     0.0000e+00     0.0000e+00     0.0000e+00     0.0000e+00     0.0000e+00     0.0000e+00     0.0000e+00     0.0000e+00     0.0000e+00     0.0000e+00     0.0000e+00     0.0000e+00     0.0000e+00     0.0000e+00     0.0000e+00     

Node 9 Pos X        -1.021677      -1.021677      -1.021674      -1.021673      -1.021667      -1.021662      -1.021659      -1.080086      -1.080078      -1.058887      -1.080065      -1.080060      -1.080056      -1.080053      -1.080051      -1.164788      -1.164790      -1.164799      -1.164819      -1.080091      
Node 9 Pos Y        -0.086244      -0.085069      -0.083193      -0.080748      -0.077879      -0.074730      -0.071436      -0.065345      -0.062228      -0.062384      -0.056442      -0.053886      -0.051608      -0.049641      -0.048011      -0.043125      -0.043480      -0.045510      -0.049946      -0.061940      
Node 9 Pos Z        0.000000       0.000000       0.000000       0.000001       0.000001       0.000001       0.000001       0.000001       0.000002       0.000002       0.000003       0.000003       0.000003       0.000003       0.000003       0.000003       0.000003       0.000003       0.000003       0.000003       
Node 9 Eta 0        0.0000e+00     0.0000e+00     1.2550e-14     7.4902e-14     0.0000e+00     0.0000e+00     0.0000e+00     0.0000e+00     0.0000e+00     0.0000e+00     0.0000e+00     0.0000e+00     0.0000e+00     0.0000e+00     0.0000e+00     0.0000e+00     0.0000e+00     0.0000e+00     0.0000e+00     0.0000e+00     
Node 9 Eta 1        1.8087e-15     0.0000e+00     0.0000e+00     0.0000e+00     9.3125e-15     0.0000e+00     0.0000e+00     0.0000e+00     0.0000e+00     0.0000e+00     0.0000e+00     0.0000e+00     0.0000e+00     3.3235e-16     9.2371e-15     0.0000e+00     0.0000e+00     0.0000e+00     0.0000e+00     0.0000e+00     
Node 9 Eta 2        0.0000e+00     0.0000e+00     0.0000e+00     0.0000e+00     0.0000e+00     0.0000e+00     0.0000e+00     0.0000e+00     0.0000e+00     0.0000e+00     0.0000e+00     0.0000e+00     0.0000e+00     0.0000e+00     0.0000e+00     0.0000e+00     0.0000e+00     0.0000e+00     0.0000e+00     0.0000e+00     

Node 10 Pos X       -0.924374      -0.924374      -0.924372      -0.924371      -0.924365      -0.924361      -0.924358      -0.977219      -0.977211      -0.952994      -0.977200      -0.977197      -0.977193      -0.977190      -0.977189      -1.058900      -1.058902      -1.058910      -1.058929      -0.977227      
Node 10 Pos Y       -0.096238      -0.094926      -0.092833      -0.090105      -0.086903      -0.083390      -0.079713      -0.073552      -0.070043      -0.070233      -0.063531      -0.060653      -0.058089      -0.055875      -0.054041      -0.049173      -0.049578      -0.051893      -0.056951      -0.069719      
Node 10 Pos Z       0.000000       0.000000       0.000000       0.000001       0.000001       0.000001       0.000001       0.000002       0.000002       0.000002       0.000003       0.000004       0.000004       0.000004       0.000004       0.000004       0.000003       0.000003       0.000003       0.000003       
Node 10 Eta 0       0.0000e+00     0.0000e+00     9.8694e-15     6.1960e-14     0.0000e+00     0.0000e+00     0.0000e+00     0.0000e+00     0.0000e+00     0.0000e+00     0.0000e+00     0.0000e+00     0.0000e+00     0.0000e+00     0.0000e+00     0.0000e+00     0.0000e+00     0.0000e+00     0.0000e+00     0.0000e+00     
Node 10 Eta 1       1.1491e-16     0.0000e+00     0.0000e+00     0.0000e+00     9.3256e-15     0.0000e+00     0.0000e+00     0.0000e+00     0.0000e+00     0.0000e+00     0.0000e+00     0.0000e+00     0.0000e+00     0.0000e+00     9.8240e-15     0.0000e+00     0.0000e+00     0.0000e+00     0.0000e+00     0.0000e+00     
Node 10 Eta 2       0.0000e+00     0.0000e+00     0.0000e+00     0.0000e+00     0.0000e+00     0.0000e+00     0.0000e+00     0.0000e+00     0.0000e+00     0.0000e+00     0.0000e+00     0.0000e+00     0.0000e+00     0.0000e+00     0.0000e+00     0.0000e+00     0.0000e+00     0.0000e+00     0.0000e+00     0.0000e+00     

Node 11 Pos X       -0.827071      -0.827072      -0.827070      -0.827069      -0.827063      -0.827059      -0.827057      -0.874352      -0.874345      -0.847101      -0.874336      -0.874333      -0.874330      -0.874328      -0.874327      -0.953011      -0.953014      -0.953021      -0.953040      -0.874363      
Node 11 Pos Y       -0.106231      -0.104784      -0.102473      -0.099461      -0.095927      -0.092049      -0.087991      -0.081759      -0.077858      -0.078081      -0.070619      -0.067420      -0.064570      -0.062109      -0.060070      -0.055221      -0.055676      -0.058276      -0.063956      -0.077498      
Node 11 Pos Z       0.000000       0.000000       0.000000       0.000001       0.000001       0.000001       0.000002       0.000002       0.000002       0.000003       0.000003       0.000004       0.000004       0.000004       0.000004       0.000004       0.000004       0.000004       0.000004       0.000004       
Node 11 Eta 0       0.0000e+00     0.0000e+00     7.9428e-15     5.2121e-14     0.0000e+00     0.0000e+00     0.0000e+00     0.0000e+00     0.0000e+00     0.0000e+00     0.0000e+00     0.0000e+00     0.0000e+00     0.0000e+00     0.0000e+00     0.0000e+00     0.0000e+00     0.0000e+00     0.0000e+00     0.0000e+00     
Node 11 Eta 1       0.0000e+00     0.0000e+00     0.0000e+00     0.0000e+00     9.0688e-15     0.0000e+00     0.0000e+00     0.0000e+00     0.0000e+00     0.0000e+00     0.0000e+00     0.0000e+00     0.0000e+00     0.0000e+00     1.0107e-14     0.0000e+00     0.0000e+00     0.0000e+00     0.0000e+00     0.0000e+00     
Node 11 Eta 2       0.0000e+00     0.0000e+00     0.0000e+00     0.0000e+00     0.0000e+00     0.0000e+00     0.0000e+00     0.0000e+00     0.0000e+00     0.0000e+00     0.0000e+00     0.0000e+00     0.0000e+00     0.0000e+00     0.0000e+00     0.0000e+00     0.0000e+00     0.0000e+00     0.0000e+00     0.0000e+00     

Node 12 Pos X       -0.729768      -0.729769      -0.729768      -0.729767      -0.729762      -0.729758      -0.729756      -0.771485      -0.771479      -0.741208      -0.771471      -0.771469      -0.771467      -0.771465      -0.771465      -0.847123      -0.847126      -0.847133      -0.847150      -0.771499      
Node 12 Pos Y       -0.116225      -0.114641      -0.112113      -0.108818      -0.104951      -0.100708      -0.096268      -0.089966      -0.085673      -0.085929      -0.077707      -0.074187      -0.071051      -0.068343      -0.066099      -0.061269      -0.061774      -0.064659      -0.070962      -0.085277      
Node 12 Pos Z       0.000000       0.000000       0.000000       0.000001       0.000001       0.000001       0.000002       0.000002       0.000002       0.000003       0.000003       0.000004       0.000004       0.000004       0.000004       0.000004       0.000004       0.000004       0.000004       0.000004       
Node 12 Eta 0       0.0000e+00     0.0000e+00     6.5156e-15     4.4463e-14     0.0000e+00     0.0000e+00     0.0000e+00     0.0000e+00     0.0000e+00     0.0000e+00     0.0000e+00     0.0000e+00     0.0000e+00     0.0000e+00     0.0000e+00     0.0000e+00     0.0000e+00     0.0000e+00     0.0000e+00     0.0000e+00     
Node 12 Eta 1       0.0000e+00     0.0000e+00     0.0000e+00     0.0000e+00     8.5431e-15     0.0000e+00     0.0000e+00     0.0000e+00     0.0000e+00     0.0000e+00     0.0000e+00     0.0000e+00     0.0000e+00     0.0000e+00     1.0087e-14     0.0000e+00     0.0000e+00     0.0000e+00     0.0000e+00     0.0000e+00     
Node 12 Eta 2       0.0000e+00     0.0000e+00     0.0000e+00     0.0000e+00     0.0000e+00     0.0000e+00     0.0000e+00     0.0000e+00     0.0000e+00     0.0000e+00     0.0000e+00     0.0000e+00     0.0000e+00     0.0000e+00     0.0000e+00     0.0000e+00     0.0000e+00     0.0000e+00     0.0000e+00     0.0000e+00     

Node 13 Pos X       -0.632465      -0.632467      -0.632465      -0.632465      -0.632460      -0.632456      -0.632454      -0.668618      -0.668612      -0.635315      -0.668606      -0.668605      -0.668603      -0.668603      -0.668602      -0.741235      -0.741237      -0.741244      -0.741260      -0.668634      
Node 13 Pos Y       -0.126218      -0.124498      -0.121753      -0.118175      -0.113976      -0.109368      -0.104546      -0.098172      -0.093488      -0.093778      -0.084796      -0.080954      -0.077532      -0.074577      -0.072129      -0.067318      -0.067872      -0.071041      -0.077967      -0.093056      
Node 13 Pos Z       0.000000       0.000000       0.000000       0.000001       0.000001       0.000001       0.000002       0.000002       0.000003       0.000003       0.000004       0.000005       0.000005       0.000005       0.000005       0.000005       0.000004       0.000004       0.000004       0.000004       
Node 13 Eta 0       0.0000e+00     0.0000e+00     5.4315e-15     3.8383e-14     0.0000e+00     0.0000e+00     0.0000e+00     0.0000e+00     0.0000e+00     0.0000e+00     0.0000e+00     0.0000e+00     0.0000e+00     0.0000e+00     0.0000e+00     0.0000e+00     0.0000e+00     0.0000e+00     0.0000e+00     0.0000e+00     
Node 13 Eta 1       0.0000e+00     0.0000e+00     0.0000e+00     0.0000e+00     7.7498e-15     0.0000e+00     0.0000e+00     0.0000e+00     0.0000e+00     0.0000e+00     0.0000e+00     0.0000e+00     0.0000e+00     0.0000e+00     9.7650e-15     0.0000e+00     0.0000e+00     0.0000e+00     0.0000e+00     0.0000e+00     
Node 13 Eta 2       0.0000e+00     0.0000e+00     0.0000e+00     0.0000e+00     0.0000e+00     0.0000e+00     0.0000e+00     0.0000e+00     0.0000e+00     0.0000e+00     0.0000e+00     0.0000e+00     0.0000e+00     0.0000e+00     0.0000e+00     0.0000e+00     0.0000e+00     0.0000e+00     0.0000e+00     0.0000e+00     

Node 14 Pos X       -0.535162      -0.535164      -0.535163      -0.535163      -0.535158      -0.535155      -0.535153      -0.565751      -0.565746      -0.529421      -0.565741      -0.565741      -0.565740      -0.565740      -0.565740      -0.635346      -0.635349      -0.635355      -0.635371      -0.565770      
Node 14 Pos Y       -0.136212      -0.134356      -0.131393      -0.127531      -0.123000      -0.118027      -0.112823      -0.106379      -0.101303      -0.101626      -0.091884      -0.087721      -0.084013      -0.080810      -0.078158      -0.073366      -0.073970      -0.077424      -0.084972      -0.100835      
Node 14 Pos Z       0.000000       0.000000       0.000001       0.000001       0.000001       0.000001       0.000002       0.000002       0.000003       0.000003       0.000004       0.000005       0.000005       0.000005       0.000005       0.000005       0.000005       0.000005       0.000004       0.000004       
Node 14 Eta 0       0.0000e+00     0.0000e+00     4.5904e-15     3.3475e-14     0.0000e+00     0.0000e+00     0.0000e+00     0.0000e+00     0.0000e+00     0.0000e+00     0.0000e+00     0.0000e+00     0.0000e+00     0.0000e+00     0.0000e+00     0.0000e+00     0.0000e+00     0.0000e+00     0.0000e+00     0.0000e+00     
Node 14 Eta 1       0.0000e+00     0.0000e+00     0.0000e+00     0.0000e+00     6.6907e-15     0.0000e+00     0.0000e+00     0.0000e+00     0.0000e+00     0.0000e+00     0.0000e+00     0.0000e+00     0.0000e+00     0.0000e+00     9.1416e-15     0.0000e+00     0.0000e+00     0.0000e+00     0.0000e+00     0.0000e+00     
Node 14 Eta 2       0.0000e+00     0.0000e+00     0.0000e+00     0.0000e+00     0.0000e+00     0.0000e+00     0.0000e+00     0.0000e+00     0.0000e+00     0.0000e+00     0.0000e+00     0.0000e+00     0.0000e+00     0.0000e+00     0.0000e+00     0.0000e+00     0.0000e+00     0.0000e+00     0.0000e+00     0.0000e+00     

Node 15 Pos X       -0.437860      -0.437861      -0.437861      -0.437861      -0.437856      -0.437853      -0.437852      -0.462883      -0.462879      -0.423528      -0.462877      -0.462877      -0.462876      -0.462877      -0.462878      -0.529458      -0.529460      -0.529466      -0.529481      -0.462906      
Node 15 Pos Y       -0.146206      -0.144213      -0.141033      -0.136888      -0.132024      -0.126686      -0.121101      -0.114586      -0.109118      -0.109474      -0.098972      -0.094488      -0.090494      -0.087044      -0.084187      -0.079414      -0.080068      -0.083807      -0.091977      -0.108614      
Node 15 Pos Z       0.000000       0.000000       0.000001       0.000001       0.000001       0.000001       0.000002       0.000002       0.000003       0.000003       0.000004       0.000005       0.000005       0.000005       0.000005       0.000005       0.000005       0.000005       0.000005       0.000005       
Node 15 Eta 0       0.0000e+00     0.0000e+00     3.9259e-15     2.9454e-14     0.0000e+00     0.0000e+00     0.0000e+00     0.0000e+00     0.0000e+00     0.0000e+00     0.0000e+00     0.0000e+00     0.0000e+00     0.0000e+00     0.0000e+00     0.0000e+00     0.0000e+00     0.0000e+00     0.0000e+00     0.0000e+00     
Node 15 Eta 1       0.0000e+00     0.0000e+00     0.0000e+00     0.0000e+00     5.3676e-15     0.0000e+00     0.0000e+00     0.0000e+00     0.0000e+00     0.0000e+00     0.0000e+00     0.0000e+00     0.0000e+00     0.0000e+00     8.2184e-15     0.0000e+00     0.0000e+00     0.0000e+00     0.0000e+00     0.0000e+00     
Node 15 Eta 2       0.0000e+00     0.0000e+00     0.0000e+00     0.0000e+00     0.0000e+00     0.0000e+00     0.0000e+00     0.0000e+00     0.0000e+00     0.0000e+00     0.0000e+00     0.0000e+00     0.0000e+00     0.0000e+00     0.0000e+00     0.0000e+00     0.0000e+00     0.0000e+00     0.0000e+00     0.0000e+00     

Node 16 Pos X       -0.340557      -0.340559      -0.340558      -0.340559      -0.340554      -0.340551      -0.340550      -0.360016      -0.360013      -0.317634      -0.360011      -0.360012      -0.360013      -0.360014      -0.360015      -0.423569      -0.423572      -0.423577      -0.423591      -0.360041      
Node 16 Pos Y       -0.156199      -0.154070      -0.150672      -0.146244      -0.141048      -0.135345      -0.129378      -0.122792      -0.116933      -0.117322      -0.106060      -0.101255      -0.096975      -0.093278      -0.090216      -0.085461      -0.086165      -0.090189      -0.098982      -0.116393      
Node 16 Pos Z       0.000000       0.000000       0.000001       0.000001       0.000001       0.000001       0.000002       0.000002       0.000003       0.000003       0.000004       0.000005       0.000005       0.000005       0.000005       0.000005       0.000005       0.000005       0.000005       0.000005       
Node 16 Eta 0       0.0000e+00     0.0000e+00     3.3925e-15     2.6119e-14     0.0000e+00     0.0000e+00     0.0000e+00     0.0000e+00     0.0000e+00     0.0000e+00     0.0000e+00     0.0000e+00     0.0000e+00     0.0000e+00     0.0000e+00     0.0000e+00     0.0000e+00     0.0000e+00     0.0000e+00     0.0000e+00     
Node 16 Eta 1       0.0000e+00     0.0000e+00     0.0000e+00     0.0000e+00     3.7828e-15     0.0000e+00     0.0000e+00     0.0000e+00     0.0000e+00     0.0000e+00     0.0000e+00     0.0000e+00     0.0000e+00     0.0000e+00     6.9971e-15     0.0000e+00     0.0000e+00     0.0000e+00     0.0000e+00     0.0000e+00     
Node 16 Eta 2       0.0000e+00     0.0000e+00     0.0000e+00     0.0000e+00     0.0000e+00     0.0000e+00     0.0000e+00     0.0000e+00     0.0000e+00     0.0000e+00     0.0000e+00     0.0000e+00     0.0000e+00     0.0000e+00     0.0000e+00     0.0000e+00     0.0000e+00     0.0000e+00     0.0000e+00     0.0000e+00     

Node 17 Pos X       -0.243254      -0.243256      -0.243255      -0.243256      -0.243252      -0.243249      -0.243248      -0.257148      -0.257146      -0.211741      -0.257146      -0.257148      -0.257149      -0.257151      -0.257153      -0.317680      -0.317683      -0.317688      -0.317701      -0.257177      
Node 17 Pos Y       -0.166192      -0.163927      -0.160312      -0.155600      -0.150072      -0.144004      -0.137655      -0.130998      -0.124747      -0.125170      -0.113148      -0.108022      -0.103455      -0.099511      -0.096245      -0.091509      -0.092263      -0.096572      -0.105987      -0.124172      
Node 17 Pos Z       0.000000       0.000000       0.000001       0.000001       0.000001       0.000001       0.000002       0.000002       0.000003       0.000003       0.000004       0.000005       0.000005       0.000005       0.000005       0.000005       0.000005       0.000005       0.000005       0.000005       
Node 17 Eta 0       0.0000e+00     0.0000e+00     2.9583e-15     2.3321e-14     0.0000e+00     0.0000e+00     0.0000e+00     0.0000e+00     0.0000e+00     0.0000e+00     0.0000e+00     0.0000e+00     0.0000e+00     0.0000e+00     0.0000e+00     0.0000e+00     0.0000e+00     0.0000e+00     0.0000e+00     0.0000e+00     
Node 17 Eta 1       0.0000e+00     0.0000e+00     0.0000e+00     0.0000e+00     1.9390e-15     0.0000e+00     0.0000e+00     0.0000e+00     0.0000e+00     0.0000e+00     0.0000e+00     0.0000e+00     0.0000e+00     0.0000e+00     5.4797e-15     0.0000e+00     0.0000e+00     0.0000e+00     0.0000e+00     0.0000e+00     
Node 17 Eta 2       0.0000e+00     0.0000e+00     0.0000e+00     0.0000e+00     0.0000e+00     0.0000e+00     0.0000e+00     0.0000e+00     0.0000e+00     0.0000e+00     0.0000e+00     0.0000e+00     0.0000e+00     0.0000e+00     0.0000e+00     0.0000e+00     0.0000e+00     0.0000e+00     0.0000e+00     0.0000e+00     

Node 18 Pos X       -0.145950      -0.145953      -0.145953      -0.145954      -0.145950      -0.145947      -0.145947      -0.154280      -0.154279      -0.105847      -0.154281      -0.154284      -0.154285      -0.154288      -0.154290      -0.211792      -0.211795      -0.211799      -0.211811      -0.154313      
Node 18 Pos Y       -0.176186      -0.173784      -0.169952      -0.164957      -0.159096      -0.152663      -0.145932      -0.139205      -0.132562      -0.133017      -0.120236      -0.114788      -0.109936      -0.105745      -0.102274      -0.097557      -0.098361      -0.102954      -0.112992      -0.131950      
Node 18 Pos Z       0.000000       0.000000       0.000000       0.000001       0.000001       0.000001       0.000002       0.000002       0.000003       0.000003       0.000004       0.000004       0.000005       0.000005       0.000005       0.000005       0.000005       0.000005       0.000005       0.000005       
Node 18 Eta 0       0.0000e+00     0.0000e+00     2.6006e-15     2.0951e-14     0.0000e+00     0.0000e+00     0.0000e+00     0.0000e+00     0.0000e+00     0.0000e+00     0.0000e+00     0.0000e+00     0.0000e+00     0.0000e+00     0.0000e+00     0.0000e+00     0.0000e+00     0.0000e+00     0.0000e+00     0.0000e+00     
Node 18 Eta 1       0.0000e+00     0.0000e+00     0.0000e+00     0.0000e+00     0.0000e+00     0.0000e+00     0.0000e+00     0.0000e+00     0.0000e+00     0.0000e+00     0.0000e+00     0.0000e+00     0.0000e+00     0.0000e+00     3.6686e-15     0.0000e+00     0.0000e+00     0.0000e+00     0.0000e+00     0.0000e+00     
Node 18 Eta 2       0.0000e+00     0.0000e+00     0.0000e+00     0.0000e+00     0.0000e+00     0.0000e+00     0.0000e+00     0.0000e+00     0.0000e+00     0.0000e+00     0.0000e+00     0.0000e+00     0.0000e+00     0.0000e+00     0.0000e+00     0.0000e+00     0.0000e+00     0.0000e+00     0.0000e+00     0.0000e+00     

Node 19 Pos X       -0.048647      -0.048650      -0.048650      -0.048651      -0.048647      -0.048645      -0.048645      -0.051413      -0.051412      0.000047       -0.051416      -0.051419      -0.051422      -0.051425      -0.051428      -0.105903      -0.105906      -0.105910      -0.105921      -0.051448      
Node 19 Pos Y       -0.186179      -0.183641      -0.179591      -0.174313      -0.168119      -0.161322      -0.154209      -0.147411      -0.140377      -0.140865      -0.127324      -0.121555      -0.116416      -0.111978      -0.108303      -0.103605      -0.104458      -0.109337      -0.119996      -0.128121      
Node 19 Pos Z       0.000000       0.000000       0.000000       0.000001       0.000001       0.000001       0.000002       0.000002       0.000002       0.000003       0.000004       0.000004       0.000004       0.000004       0.000004       0.000005       0.000005       0.000005       0.000005       0.000005       
Node 19 Eta 0       0.0000e+00     0.0000e+00     2.3026e-15     1.8925e-14     0.0000e+00     0.0000e+00     0.0000e+00     0.0000e+00     0.0000e+00     0.0000e+00     0.0000e+00     0.0000e+00     0.0000e+00     0.0000e+00     0.0000e+00     0.0000e+00     0.0000e+00     0.0000e+00     0.0000e+00     0.0000e+00     
Node 19 Eta 1       0.0000e+00     0.0000e+00     0.0000e+00     0.0000e+00     0.0000e+00     0.0000e+00     0.0000e+00     0.0000e+00     0.0000e+00     0.0000e+00     0.0000e+00     0.0000e+00     0.0000e+00     0.0000e+00     1.5667e-15     0.0000e+00     0.0000e+00     0.0000e+00     0.0000e+00     0.0000e+00     
Node 19 Eta 2       0.0000e+00     0.0000e+00     0.0000e+00     0.0000e+00     0.0000e+00     0.0000e+00     0.0000e+00     0.0000e+00     0.0000e+00     0.0000e+00     0.0000e+00     0.0000e+00     0.0000e+00     0.0000e+00     0.0000e+00     0.0000e+00     0.0000e+00     0.0000e+00     0.0000e+00     0.0000e+00     

Node 20 Pos X       0.048656       0.048654       0.048653       0.048651       0.048655       0.048657       0.048657       0.051455       0.051455       0.105941       0.051449       0.051445       0.051442       0.051438       0.051435       -0.000014      -0.000018      -0.000021      -0.000031      0.051416       
Node 20 Pos Y       -0.196172      -0.193498      -0.189231      -0.183669      -0.177143      -0.169981      -0.162486      -0.155617      -0.148191      -0.148713      -0.134411      -0.128321      -0.122897      -0.118212      -0.114331      -0.109652      -0.110556      -0.112612      -0.115888      -0.121365      
Node 20 Pos Z       0.000000       0.000000       0.000000       0.000001       0.000001       0.000001       0.000002       0.000002       0.000002       0.000003       0.000003       0.000004       0.000004       0.000004       0.000004       0.000005       0.000004       0.000005       0.000005       0.000005       
Node 20 Eta 0       0.0000e+00     0.0000e+00     2.3525e-15     1.9685e-14     0.0000e+00     0.0000e+00     0.0000e+00     0.0000e+00     0.0000e+00     0.0000e+00     0.0000e+00     0.0000e+00     0.0000e+00     0.0000e+00     0.0000e+00     0.0000e+00     0.0000e+00     0.0000e+00     0.0000e+00     0.0000e+00     
Node 20 Eta 1       0.0000e+00     0.0000e+00     0.0000e+00     0.0000e+00     0.0000e+00     0.0000e+00     0.0000e+00     0.0000e+00     0.0000e+00     0.0000e+00     0.0000e+00     0.0000e+00     0.0000e+00     0.0000e+00     0.0000e+00     0.0000e+00     0.0000e+00     0.0000e+00     0.0000e+00     0.0000e+00     
Node 20 Eta 2       0.0000e+00     0.0000e+00     0.0000e+00     0.0000e+00     0.0000e+00     0.0000e+00     0.0000e+00     0.0000e+00     0.0000e+00     0.0000e+00     0.0000e+00     0.0000e+00     0.0000e+00     0.0000e+00     0.0000e+00     0.0000e+00     0.0000e+00     0.0000e+00     0.0000e+00     0.0000e+00     

Node 21 Pos X       0.145959       0.145957       0.145956       0.145954       0.145958       0.145959       0.145959       0.154323       0.154322       0.211835       0.154315       0.154310       0.154306       0.154301       0.154297       0.105874       0.105871       0.105868       0.105859       0.154281       
Node 21 Pos Y       -0.185643      -0.183112      -0.179074      -0.173810      -0.172246      -0.170289      -0.166582      -0.160109      -0.154202      -0.140031      -0.139940      -0.132117      -0.124122      -0.116128      -0.108280      -0.108119      -0.104397      -0.106339      -0.109431      -0.114609      
Node 21 Pos Z       0.000000       0.000000       0.000000       0.000001       0.000001       0.000001       0.000002       0.000002       0.000002       0.000003       0.000003       0.000004       0.000004       0.000004       0.000004       0.000004       0.000004       0.000004       0.000004       0.000005       
Node 21 Eta 0       0.0000e+00     0.0000e+00     4.2184e-15     2.1851e-14     0.0000e+00     0.0000e+00     0.0000e+00     0.0000e+00     0.0000e+00     0.0000e+00     0.0000e+00     0.0000e+00     0.0000e+00     0.0000e+00     0.0000e+00     0.0000e+00     0.0000e+00     0.0000e+00     0.0000e+00     0.0000e+00     
Node 21 Eta 1       0.0000e+00     0.0000e+00     0.0000e+00     0.0000e+00     0.0000e+00     0.0000e+00     0.0000e+00     0.0000e+00     0.0000e+00     0.0000e+00     0.0000e+00     0.0000e+00     0.0000e+00     0.0000e+00     2.0252e-15     0.0000e+00     0.0000e+00     0.0000e+00     0.0000e+00     0.0000e+00     
Node 21 Eta 2       0.0000e+00     0.0000e+00     0.0000e+00     0.0000e+00     0.0000e+00     0.0000e+00     0.0000e+00     0.0000e+00     0.0000e+00     0.0000e+00     0.0000e+00     0.0000e+00     0.0000e+00     0.0000e+00     0.0000e+00     0.0000e+00     0.0000e+00     0.0000e+00     0.0000e+00     0.0000e+00     

Node 22 Pos X       0.243263       0.243260       0.243259       0.243257       0.243260       0.243261       0.243261       0.257191       0.257189       0.317728       0.257180       0.257174       0.257170       0.257164       0.257160       0.211763       0.211760       0.211757       0.211749       0.257145       
Node 22 Pos Y       -0.175113      -0.172726      -0.168917      -0.163952      -0.162476      -0.160630      -0.157133      -0.150670      -0.145111      -0.131350      -0.131690      -0.124328      -0.116804      -0.109282      -0.101896      -0.101740      -0.098238      -0.100065      -0.102975      -0.107853      
Node 22 Pos Z       0.000000       0.000000       0.000000       0.000001       0.000001       0.000001       0.000002       0.000002       0.000002       0.000002       0.000003       0.000004       0.000004       0.000004       0.000004       0.000004       0.000004       0.000004       0.000004       0.000004       
Node 22 Eta 0       0.0000e+00     0.0000e+00     5.8350e-15     2.3620e-14     0.0000e+00     0.0000e+00     0.0000e+00     0.0000e+00     0.0000e+00     0.0000e+00     0.0000e+00     0.0000e+00     0.0000e+00     0.0000e+00     0.0000e+00     0.0000e+00     0.0000e+00     0.0000e+00     0.0000e+00     0.0000e+00     
Node 22 Eta 1       0.0000e+00     0.0000e+00     0.0000e+00     0.0000e+00     0.0000e+00     0.0000e+00     0.0000e+00     0.0000e+00     0.0000e+00     0.0000e+00     0.0000e+00     0.0000e+00     0.0000e+00     0.0000e+00     1.8930e-15     0.0000e+00     0.0000e+00     0.0000e+00     0.0000e+00     0.0000e+00     
Node 22 Eta 2       0.0000e+00     0.0000e+00     0.0000e+00     0.0000e+00     0.0000e+00     0.0000e+00     0.0000e+00     0.0000e+00     0.0000e+00     0.0000e+00     0.0000e+00     0.0000e+00     0.0000e+00     0.0000e+00     0.0000e+00     0.0000e+00     0.0000e+00     0.0000e+00     0.0000e+00     0.0000e+00     

Node 23 Pos X       0.340566       0.340563       0.340562       0.340559       0.340562       0.340563       0.340563       0.360059       0.360056       0.423622       0.360045       0.360039       0.360033       0.360027       0.360022       0.317652       0.317648       0.317646       0.317639       0.360009       
Node 23 Pos Y       -0.164583      -0.162339      -0.158759      -0.154093      -0.152706      -0.150971      -0.147685      -0.141231      -0.136020      -0.122668      -0.123440      -0.116539      -0.109487      -0.102436      -0.095513      -0.095361      -0.092078      -0.093791      -0.096519      -0.101096      
Node 23 Pos Z       0.000000       0.000000       0.000000       0.000001       0.000001       0.000001       0.000001       0.000002       0.000002       0.000002       0.000003       0.000003       0.000003       0.000004       0.000003       0.000004       0.000004       0.000004       0.000004       0.000004       
Node 23 Eta 0       0.0000e+00     0.0000e+00     7.2068e-15     2.4993e-14     0.0000e+00     0.0000e+00     0.0000e+00     0.0000e+00     0.0000e+00     0.0000e+00     0.0000e+00     0.0000e+00     0.0000e+00     0.0000e+00     0.0000e+00     0.0000e+00     0.0000e+00     0.0000e+00     0.0000e+00     0.0000e+00     
Node 23 Eta 1       0.0000e+00     0.0000e+00     0.0000e+00     0.0000e+00     0.0000e+00     0.0000e+00     0.0000e+00     0.0000e+00     0.0000e+00     0.0000e+00     0.0000e+00     0.0000e+00     0.0000e+00     0.0000e+00     1.6218e-15     0.0000e+00     0.0000e+00     0.0000e+00     0.0000e+00     0.0000e+00     
Node 23 Eta 2       0.0000e+00     0.0000e+00     0.0000e+00     0.0000e+00     0.0000e+00     0.0000e+00     0.0000e+00     0.0000e+00     0.0000e+00     0.0000e+00     0.0000e+00     0.0000e+00     0.0000e+00     0.0000e+00     0.0000e+00     0.0000e+00     0.0000e+00     0.0000e+00     0.0000e+00     0.0000e+00     

Node 24 Pos X       0.437869       0.437866       0.437864       0.437862       0.437865       0.437866       0.437865       0.462927       0.462923       0.529516       0.462911       0.462903       0.462897       0.462890       0.462885       0.423541       0.423537       0.423535       0.423529       0.462874       
Node 24 Pos Y       -0.154053      -0.151953      -0.148602      -0.144234      -0.142936      -0.141312      -0.138236      -0.131791      -0.126930      -0.113986      -0.115190      -0.108751      -0.102170      -0.095590      -0.089130      -0.088982      -0.085919      -0.087517      -0.090063      -0.094340      
Node 24 Pos Z       0.000000       0.000000       0.000000       0.000001       0.000001       0.000001       0.000001       0.000001       0.000002       0.000002       0.000003       0.000003       0.000003       0.000003       0.000003       0.000004       0.000004       0.000004       0.000004       0.000004       
Node 24 Eta 0       0.0000e+00     0.0000e+00     8.3372e-15     2.5973e-14     0.0000e+00     0.0000e+00     0.0000e+00     0.0000e+00     0.0000e+00     6.2640e-15     0.0000e+00     0.0000e+00     0.0000e+00     0.0000e+00     0.0000e+00     0.0000e+00     0.0000e+00     0.0000e+00     0.0000e+00     0.0000e+00     
Node 24 Eta 1       0.0000e+00     0.0000e+00     0.0000e+00     0.0000e+00     0.0000e+00     0.0000e+00     0.0000e+00     0.0000e+00     0.0000e+00     0.0000e+00     0.0000e+00     0.0000e+00     0.0000e+00     0.0000e+00     1.1275e-15     0.0000e+00     0.0000e+00     0.0000e+00     0.0000e+00     0.0000e+00     
Node 24 Eta 2       0.0000e+00     0.0000e+00     0.0000e+00     0.0000e+00     0.0000e+00     0.0000e+00     0.0000e+00     0.0000e+00     0.0000e+00     0.0000e+00     0.0000e+00     0.0000e+00     0.0000e+00     0.0000e+00     0.0000e+00     0.0000e+00     0.0000e+00     0.0000e+00     0.0000e+00     0.0000e+00     

Node 25 Pos X       0.535172       0.535169       0.535167       0.535164       0.535167       0.535167       0.535166       0.565794       0.565789       0.635410       0.565776       0.565768       0.565761       0.565753       0.565747       0.529429       0.529425       0.529424       0.529419       0.565738       
Node 25 Pos Y       -0.143523      -0.141566      -0.138445      -0.134375      -0.133166      -0.131653      -0.128787      -0.122352      -0.117839      -0.105304      -0.106940      -0.100962      -0.094852      -0.088744      -0.082747      -0.082603      -0.079760      -0.081243      -0.083606      -0.087584      
Node 25 Pos Z       0.000000       0.000000       0.000000       0.000001       0.000001       0.000001       0.000001       0.000001       0.000002       0.000002       0.000002       0.000003       0.000003       0.000003       0.000003       0.000003       0.000003       0.000003       0.000004       0.000004       
Node 25 Eta 0       0.0000e+00     0.0000e+00     9.2284e-15     2.6561e-14     0.0000e+00     0.0000e+00     0.0000e+00     0.0000e+00     0.0000e+00     1.2512e-14     0.0000e+00     0.0000e+00     0.0000e+00     0.0000e+00     0.0000e+00     0.0000e+00     0.0000e+00     0.0000e+00     0.0000e+00     0.0000e+00     
Node 25 Eta 1       0.0000e+00     0.0000e+00     0.0000e+00     0.0000e+00     0.0000e+00     0.0000e+00     0.0000e+00     0.0000e+00     0.0000e+00     0.0000e+00     0.0000e+00     0.0000e+00     0.0000e+00     0.0000e+00     2.7131e-16     0.0000e+00     0.0000e+00     0.0000e+00     0.0000e+00     0.0000e+00     
Node 25 Eta 2       0.0000e+00     0.0000e+00     0.0000e+00     1.1132e-12     0.0000e+00     0.0000e+00     0.0000e+00     0.0000e+00     0.0000e+00     0.0000e+00     0.0000e+00     0.0000e+00     0.0000e+00     0.0000e+00     0.0000e+00     0.0000e+00     0.0000e+00     0.0000e+00     0.0000e+00     0.0000e+00     

Node 26 Pos X       0.632475       0.632472       0.632470       0.632467       0.632469       0.632469       0.632468       0.668662       0.668656       0.741303       0.668641       0.668632       0.668624       0.668616       0.668609       0.635318       0.635314       0.635313       0.635308       0.668602       
Node 26 Pos Y       -0.132993      -0.131180      -0.128287      -0.124516      -0.123396      -0.121994      -0.119338      -0.112913      -0.108748      -0.096622      -0.098690      -0.093173      -0.087535      -0.081898      -0.076363      -0.076224      -0.073600      -0.074969      -0.077150      -0.080827      
Node 26 Pos Z       0.000000       0.000000       0.000000       0.000001       0.000000       0.000001       0.000001       0.000001       0.000001       0.000002       0.000002       0.000003       0.000003       0.000003       0.000003       0.000003       0.000003       0.000003       0.000003       0.000004       
Node 26 Eta 0       0.0000e+00     0.0000e+00     9.8821e-15     2.6756e-14     0.0000e+00     0.0000e+00     0.0000e+00     0.0000e+00     0.0000e+00     1.7335e-14     0.0000e+00     0.0000e+00     0.0000e+00     0.0000e+00     0.0000e+00     0.0000e+00     0.0000e+00     0.0000e+00     0.0000e+00     0.0000e+00     
Node 26 Eta 1       0.0000e+00     0.0000e+00     0.0000e+00     0.0000e+00     0.0000e+00     0.0000e+00     0.0000e+00     0.0000e+00     0.0000e+00     0.0000e+00     0.0000e+00     0.0000e+00     0.0000e+00     0.0000e+00     0.0000e+00     0.0000e+00     0.0000e+00     0.0000e+00     0.0000e+00     0.0000e+00     
Node 26 Eta 2       0.0000e+00     0.0000e+00     3.0952e-13     1.7122e-12     0.0000e+00     0.0000e+00     0.0000e+00     1.0758e-13     3.7136e-13     1.0435e-11     0.0000e+00     0.0000e+00     0.0000e+00     0.0000e+00     0.0000e+00     0.0000e+00     0.0000e+00     0.0000e+00     0.0000e+00     0.0000e+00     

Node 27 Pos X       0.729778       0.729775       0.729772       0.729769       0.729771       0.729771       0.729770       0.771530       0.771523       0.847197       0.771506       0.771497       0.771488       0.771479       0.771472       0.741206       0.741202       0.741201       0.741198       0.771466       
Node 27 Pos Y       -0.122463      -0.120794      -0.118130      -0.114658      -0.113626      -0.112335      -0.109890      -0.103474      -0.099657      -0.087941      -0.090440      -0.085384      -0.080218      -0.075052      -0.069980      -0.069845      -0.067441      -0.068695      -0.070693      -0.074071      
Node 27 Pos Z       0.000000       0.000000       0.000000       0.000001       0.000000       0.000001       0.000001       0.000001       0.000001       0.000002       0.000002       0.000002       0.000002       0.000003       0.000002       0.000003       0.000003       0.000003       0.000003       0.000003       
Node 27 Eta 0       0.0000e+00     0.0000e+00     1.0299e-14     2.6560e-14     0.0000e+00     0.0000e+00     0.0000e+00     0.0000e+00     0.0000e+00     2.0746e-14     0.0000e+00     0.0000e+00     0.0000e+00     0.0000e+00     0.0000e+00     0.0000e+00     0.0000e+00     4.6036e-16     0.0000e+00     0.0000e+00     
Node 27 Eta 1       0.0000e+00     0.0000e+00     0.0000e+00     0.0000e+00     0.0000e+00     0.0000e+00     0.0000e+00     0.0000e+00     0.0000e+00     0.0000e+00     0.0000e+00     0.0000e+00     0.0000e+00     0.0000e+00     0.0000e+00     0.0000e+00     0.0000e+00     0.0000e+00     0.0000e+00     0.0000e+00     
Node 27 Eta 2       0.0000e+00     0.0000e+00     4.4334e-13     1.4078e-12     0.0000e+00     0.0000e+00     5.9577e-13     3.5815e-13     7.6846e-13     1.0228e-11     1.7349e-12     3.7303e-14     0.0000e+00     0.0000e+00     0.0000e+00     0.0000e+00     0.0000e+00     0.0000e+00     0.0000e+00     0.0000e+00     

Node 28 Pos X       0.827081       0.827078       0.827075       0.827072       0.827073       0.827073       0.827071       0.874397       0.874390       0.953091       0.874371       0.874361       0.874352       0.874342       0.874334       0.847095       0.847091       0.847090       0.847088       0.874330       
Node 28 Pos Y       -0.111933      -0.110407      -0.107972      -0.104799      -0.103856      -0.102676      -0.100441      -0.094035      -0.090566      -0.079259      -0.082190      -0.077596      -0.072900      -0.068206      -0.063596      -0.063466      -0.061281      -0.062421      -0.064237      -0.067314      
Node 28 Pos Z       0.000000       0.000000       0.000000       0.000000       0.000000       0.000001       0.000001       0.000001       0.000001       0.000001       0.000002       0.000002       0.000002       0.000002       0.000002       0.000003       0.000003       0.000003       0.000003       0.000003       
Node 28 Eta 0       0.0000e+00     0.0000e+00     1.0481e-14     2.5975e-14     0.0000e+00     0.0000e+00     0.0000e+00     0.0000e+00     0.0000e+00     2.2756e-14     1.2514e-16     0.0000e+00     0.0000e+00     0.0000e+00     0.0000e+00     0.0000e+00     0.0000e+00     8.5736e-16     0.0000e+00     0.0000e+00     
Node 28 Eta 1       0.0000e+00     0.0000e+00     0.0000e+00     0.0000e+00     0.0000e+00     0.0000e+00     0.0000e+00     0.0000e+00     0.0000e+00     0.0000e+00     0.0000e+00     0.0000e+00     0.0000e+00     0.0000e+00     0.0000e+00     0.0000e+00     0.0000e+00     0.0000e+00     0.0000e+00     0.0000e+00     
Node 28 Eta 2       0.0000e+00     3.7426e-14     3.8485e-13     1.0190e-12     0.0000e+00     1.1597e-13     7.0304e-13     3.3683e-13     6.8829e-13     7.8832e-12     1.9135e-12     8.1323e-14     0.0000e+00     0.0000e+00     0.0000e+00     0.0000e+00     0.0000e+00     0.0000e+00     0.0000e+00     0.0000e+00     

Node 29 Pos X       0.924384       0.924381       0.924378       0.924374       0.924375       0.924375       0.924373       0.977265       0.977257       1.058985       0.977236       0.977225       0.977215       0.977205       0.977196       0.952983       0.952979       0.952979       0.952977       0.977194       
Node 29 Pos Y       -0.101403      -0.100021      -0.097815      -0.094940      -0.094086      -0.093017      -0.090992      -0.084595      -0.081475      -0.070577      -0.073940      -0.069807      -0.065583      -0.061360      -0.057213      -0.057087      -0.055122      -0.056147      -0.057780      -0.060558      
Node 29 Pos Z       0.000000       0.000000       0.000000       0.000000       0.000000       0.000001       0.000001       0.000001       0.000001       0.000001       0.000002       0.000002       0.000002       0.000002       0.000002       0.000002       0.000002       0.000002       0.000003       0.000003       
Node 29 Eta 0       0.0000e+00     1.8707e-17     1.0429e-14     2.5004e-14     0.0000e+00     0.0000e+00     0.0000e+00     0.0000e+00     0.0000e+00     2.3373e-14     1.0771e-15     0.0000e+00     0.0000e+00     0.0000e+00     0.0000e+00     0.0000e+00     0.0000e+00     1.1397e-15     0.0000e+00     0.0000e+00     
Node 29 Eta 1       0.0000e+00     0.0000e+00     0.0000e+00     0.0000e+00     0.0000e+00     0.0000e+00     0.0000e+00     0.0000e+00     0.0000e+00     0.0000e+00     0.0000e+00     0.0000e+00     0.0000e+00     0.0000e+00     0.0000e+00     0.0000e+00     0.0000e+00     0.0000e+00     0.0000e+00     0.0000e+00     
Node 29 Eta 2       0.0000e+00     7.9935e-14     2.9648e-13     7.1066e-13     0.0000e+00     1.3752e-13     5.9531e-13     2.6274e-13     5.2388e-13     5.6241e-12     1.5690e-12     7.7404e-14     5.9207e-13     0.0000e+00     0.0000e+00     0.0000e+00     0.0000e+00     0.0000e+00     0.0000e+00     0.0000e+00     

Node 30 Pos X       1.021686       1.021683       1.021681       1.021677       1.021677       1.021677       1.021675       1.080133       1.080124       1.164878       1.080102       1.080090       1.080079       1.080068       1.080058       1.058872       1.058867       1.058868       1.058867       1.080058       
Node 30 Pos Y       -0.090873      -0.089634      -0.087658      -0.085081      -0.084316      -0.083358      -0.081543      -0.075156      -0.072384      -0.061895      -0.065690      -0.062018      -0.058265      -0.054514      -0.050830      -0.050707      -0.048962      -0.049873      -0.051324      -0.053801      
Node 30 Pos Z       0.000000       0.000000       0.000000       0.000000       0.000000       0.000000       0.000001       0.000001       0.000001       0.000001       0.000001       0.000002       0.000002       0.000002       0.000002       0.000002       0.000002       0.000002       0.000002       0.000002       
Node 30 Eta 0       0.0000e+00     6.8451e-16     1.0143e-14     2.3648e-14     0.0000e+00     0.0000e+00     0.0000e+00     0.0000e+00     1.7236e-16     2.2606e-14     1.7349e-15     0.0000e+00     0.0000e+00     0.0000e+00     0.0000e+00     0.0000e+00     0.0000e+00     1.3080e-15     0.0000e+00     0.0000e+00     
Node 30 Eta 1       0.0000e+00     0.0000e+00     0.0000e+00     0.0000e+00     1.5064e-16     0.0000e+00     0.0000e+00     0.0000e+00     0.0000e+00     0.0000e+00     0.0000e+00     0.0000e+00     0.0000e+00     0.0000e+00     0.0000e+00     0.0000e+00     0.0000e+00     0.0000e+00     0.0000e+00     0.0000e+00     
Node 30 Eta 2       0.0000e+00     8.0581e-14     2.1830e-13     4.9052e-13     3.0413e-14     1.2060e-13     4.5663e-13     1.9199e-13     3.7618e-13     3.8878e-12     1.1673e-12     6.1802e-14     7.1160e-13     1.7589e-13     0.0000e+00     0.0000e+00     0.0000e+00     0.0000e+00     0.0000e+00     0.0000e+00     

Node 31 Pos X       1.118989       1.118986       1.118983       1.118979       1.118980       1.118979       1.118977       1.183000       1.182990       1.270772       1.182967       1.182954       1.182942       1.182931       1.182921       1.164760       1.164755       1.164756       1.164756       1.182922       
Node 31 Pos Y       -0.080343      -0.079248      -0.077500      -0.075223      -0.074546      -0.073699      -0.072095      -0.065717      -0.063293      -0.053214      -0.057440      -0.054229      -0.050948      -0.047667      -0.044446      -0.044328      -0.042803      -0.043599      -0.044867      -0.047044      
Node 31 Pos Z       0.000000       0.000000       0.000000       0.000000       0.000000       0.000000       0.000001       0.000001       0.000001       0.000001       0.000001       0.000002       0.000002       0.000002       0.000002       0.000002       0.000002       0.000002       0.000002       0.000002       
Node 31 Eta 0       0.0000e+00     1.1499e-15     9.4794e-15     2.1583e-14     0.0000e+00     0.0000e+00     0.0000e+00     0.0000e+00     3.8683e-16     2.0177e-14     2.0724e-15     0.0000e+00     0.0000e+00     0.0000e+00     0.0000e+00     0.0000e+00     0.0000e+00     1.3447e-15     0.0000e+00     0.0000e+00     
Node 31 Eta 1       0.0000e+00     0.0000e+00     0.0000e+00     0.0000e+00     2.0832e-15     0.0000e+00     0.0000e+00     0.0000e+00     0.0000e+00     0.0000e+00     0.0000e+00     0.0000e+00     0.0000e+00     0.0000e+00     0.0000e+00     0.0000e+00     0.0000e+00     0.0000e+00     0.0000e+00     0.0000e+00     
Node 31 Eta 2       0.0000e+00     6.8368e-14     1.5715e-13     3.3742e-13     5.4912e-14     9.5631e-14     3.3560e-13     1.3606e-13     2.6304e-13     2.6379e-12     8.3183e-13     4.5905e-14     6.2419e-13     3.1946e-13     0.0000e+00     0.0000e+00     0.0000e+00     0.0000e+00     0.0000e+00     0.0000e+00     

Node 32 Pos X       1.216292       1.216289       1.216286       1.216282       1.216282       1.216281       1.216278       1.285868       1.285857       1.376666       1.285832       1.285819       1.285806       1.285794       1.285783       1.270649       1.270644       1.270645       1.270646       1.285786       
Node 32 Pos Y       -0.069813      -0.068862      -0.067343      -0.065364      -0.064776      -0.064040      -0.062646      -0.056278      -0.054202      -0.044532      -0.049190      -0.046441      -0.043631      -0.040821      -0.038063      -0.037949      -0.036643      -0.037325      -0.038410      -0.040288      
Node 32 Pos Z       0.000000       0.000000       0.000000       0.000000       0.000000       0.000000       0.000001       0.000001       0.000001       0.000001       0.000001       0.000001       0.000001       0.000001       0.000001       0.000002       0.000002       0.000002       0.000002       0.000002       
Node 32 Eta 0       0.0000e+00     1.4480e-15     8.7506e-15     1.9524e-14     0.0000e+00     0.0000e+00     0.0000e+00     0.0000e+00     4.8631e-16     1.6723e-14     2.1456e-15     0.0000e+00     0.0000e+00     0.0000e+00     0.0000e+00     0.0000e+00     0.0000e+00     1.2877e-15     0.0000e+00     0.0000e+00     
Node 32 Eta 1       0.0000e+00     0.0000e+00     0.0000e+00     0.0000e+00     5.6110e-15     0.0000e+00     0.0000e+00     0.0000e+00     0.0000e+00     0.0000e+00     0.0000e+00     0.0000e+00     0.0000e+00     0.0000e+00     0.0000e+00     0.0000e+00     0.0000e+00     0.0000e+00     0.0000e+00     0.0000e+00     
Node 32 Eta 2       0.0000e+00     5.3659e-14     1.1124e-13     2.3095e-13     5.5640e-14     7.2116e-14     2.4054e-13     9.4397e-14     1.8058e-13     1.7541e-12     5.7749e-13     3.2744e-14     4.8579e-13     3.1310e-13     0.0000e+00     0.0000e+00     0.0000e+00     0.0000e+00     0.0000e+00     0.0000e+00     

Node 33 Pos X       1.313595       1.313592       1.313589       1.313584       1.313584       1.313583       1.313580       1.388736       1.388724       1.482559       1.388697       1.388683       1.388670       1.388657       1.388645       1.376538       1.376532       1.376534       1.376536       1.388650       
Node 33 Pos Y       -0.059283      -0.058475      -0.057186      -0.055505      -0.055006      -0.054381      -0.053197      -0.046839      -0.045111      -0.035850      -0.040940      -0.038652      -0.036313      -0.033975      -0.031679      -0.031570      -0.030483      -0.031050      -0.031954      -0.033531      
Node 33 Pos Z       0.000000       0.000000       0.000000       0.000000       0.000000       0.000000       0.000000       0.000001       0.000001       0.000001       0.000001       0.000001       0.000001       0.000001       0.000001       0.000001       0.000001       0.000001       0.000001       0.000002       
Node 33 Eta 0       0.0000e+00     1.5676e-15     7.7916e-15     1.7090e-14     0.0000e+00     0.0000e+00     0.0000e+00     0.0000e+00     4.6819e-16     1.1907e-14     1.9302e-15     0.0000e+00     0.0000e+00     0.0000e+00     0.0000e+00     0.0000e+00     0.0000e+00     1.1188e-15     0.0000e+00     0.0000e+00     
Node 33 Eta 1       0.0000e+00     0.0000e+00     0.0000e+00     0.0000e+00     1.2315e-14     0.0000e+00     0.0000e+00     0.0000e+00     0.0000e+00     0.0000e+00     0.0000e+00     0.0000e+00     0.0000e+00     0.0000e+00     0.0000e+00     0.0000e+00     0.0000e+00     0.0000e+00     0.0000e+00     0.0000e+00     
Node 33 Eta 2       0.0000e+00     4.0022e-14     7.7230e-14     1.5624e-13     4.7766e-14     5.2501e-14     1.6865e-13     6.3954e-14     1.2132e-13     1.1293e-12     3.9094e-13     2.2593e-14     3.5080e-13     2.5454e-13     0.0000e+00     1.4104e-14     0.0000e+00     0.0000e+00     0.0000e+00     0.0000e+00     

Node 34 Pos X       1.410898       1.410895       1.410892       1.410887       1.410886       1.410885       1.410882       1.491603       1.491591       1.588453       1.491562       1.491547       1.491533       1.491520       1.491508       1.482426       1.482420       1.482422       1.482425       1.491514       
Node 34 Pos Y       -0.048753      -0.048089      -0.047028      -0.045646      -0.045236      -0.044722      -0.043748      -0.037399      -0.036020      -0.027168      -0.032690      -0.030863      -0.028996      -0.027129      -0.025296      -0.025191      -0.024324      -0.024776      -0.025497      -0.026775      
Node 34 Pos Z       0.000000       0.000000       0.000000       0.000000       0.000000       0.000000       0.000000       0.000000       0.000000       0.000001       0.000001       0.000001       0.000001       0.000001       0.000001       0.000001       0.000001       0.000001       0.000001       0.000001       
Node 34 Eta 0       0.0000e+00     1.5088e-15     6.6030e-15     1.4282e-14     0.0000e+00     0.0000e+00     0.0000e+00     0.0000e+00     3.3249e-16     5.7297e-15     1.4260e-15     0.0000e+00     0.0000e+00     0.0000e+00     0.0000e+00     0.0000e+00     0.0000e+00     8.3778e-16     0.0000e+00     0.0000e+00     
Node 34 Eta 1       0.0000e+00     0.0000e+00     0.0000e+00     0.0000e+00     2.5954e-14     0.0000e+00     0.0000e+00     0.0000e+00     0.0000e+00     0.0000e+00     0.0000e+00     0.0000e+00     0.0000e+00     0.0000e+00     0.0000e+00     0.0000e+00     0.0000e+00     0.0000e+00     0.0000e+00     0.0000e+00     
Node 34 Eta 2       0.0000e+00     2.8474e-14     5.2098e-14     1.0323e-13     3.7564e-14     3.6908e-14     1.1500e-13     4.1798e-14     7.8736e-14     6.8496e-13     2.5533e-13     1.4974e-14     2.3555e-13     1.8393e-13     9.9744e-15     2.6381e-14     0.0000e+00     0.0000e+00     0.0000e+00     0.0000e+00     

Node 35 Pos X       1.508201       1.508198       1.508194       1.508189       1.508188       1.508187       1.508183       1.594471       1.594458       1.694347       1.594427       1.594412       1.594397       1.594383       1.594370       1.588315       1.588309       1.588311       1.588315       1.594378       
Node 35 Pos Y       -0.038223      -0.037702      -0.036871      -0.035787      -0.035465      -0.035063      -0.034299      -0.027960      -0.026929      -0.018486      -0.024440      -0.023074      -0.021679      -0.020283      -0.018913      -0.018812      -0.018164      -0.018502      -0.019040      -0.020018      
Node 35 Pos Z       0.000000       0.000000       0.000000       0.000000       0.000000       0.000000       0.000000       0.000000       0.000000       0.000000       0.000001       0.000001       0.000001       0.000001       0.000001       0.000001       0.000001       0.000001       0.000001       0.000001       
Node 35 Eta 0       0.0000e+00     1.2715e-15     5.1854e-15     1.1104e-14     0.0000e+00     0.0000e+00     0.0000e+00     0.0000e+00     7.9209e-17     0.0000e+00     6.3288e-16     0.0000e+00     0.0000e+00     0.0000e+00     0.0000e+00     0.0000e+00     0.0000e+00     4.4479e-16     0.0000e+00     0.0000e+00     
Node 35 Eta 1       0.0000e+00     0.0000e+00     0.0000e+00     0.0000e+00     5.6985e-14     0.0000e+00     0.0000e+00     0.0000e+00     0.0000e+00     0.0000e+00     0.0000e+00     0.0000e+00     0.0000e+00     0.0000e+00     0.0000e+00     0.0000e+00     0.0000e+00     0.0000e+00     0.0000e+00     0.0000e+00     
Node 35 Eta 2       0.0000e+00     1.9086e-14     3.3488e-14     6.5187e-14     2.7569e-14     2.4776e-14     7.5091e-14     2.5641e-14     4.7996e-14     3.6646e-13     1.5670e-13     9.3067e-15     1.4248e-13     1.1711e-13     9.0720e-15     2.4616e-14     0.0000e+00     0.0000e+00     0.0000e+00     0.0000e+00     

Node 36 Pos X       1.605504       1.605501       1.605497       1.605491       1.605490       1.605489       1.605485       1.697339       1.697325       1.800240       1.697293       1.697276       1.697260       1.697246       1.697232       1.694203       1.694197       1.694200       1.694204       1.697242       
Node 36 Pos Y       -0.027693      -0.027316      -0.026714      -0.025929      -0.025695      -0.025404      -0.024851      -0.018521      -0.017838      -0.009805      -0.016190      -0.015286      -0.014361      -0.013437      -0.012529      -0.012433      -0.012005      -0.012228      -0.012584      -0.013261      
Node 36 Pos Z       0.000000       0.000000       0.000000       0.000000       0.000000       0.000000       0.000000       0.000000       0.000000       0.000000       0.000000       0.000000       0.000000       0.000000       0.000000       0.000000       0.000000       0.000001       0.000001       0.000001       
Node 36 Eta 0       0.0000e+00     8.5584e-16     3.5391e-15     7.5569e-15     0.0000e+00     0.0000e+00     0.0000e+00     0.0000e+00     0.0000e+00     0.0000e+00     0.0000e+00     0.0000e+00     0.0000e+00     0.0000e+00     0.0000e+00     0.0000e+00     0.0000e+00     0.0000e+00     0.0000e+00     0.0000e+00     
Node 36 Eta 1       0.0000e+00     0.0000e+00     0.0000e+00     0.0000e+00     1.4325e-13     0.0000e+00     0.0000e+00     0.0000e+00     0.0000e+00     1.0616e-02     0.0000e+00     0.0000e+00     0.0000e+00     0.0000e+00     0.0000e+00     0.0000e+00     0.0000e+00     0.0000e+00     0.0000e+00     0.0000e+00     
Node 36 Eta 2       0.0000e+00     1.1613e-14     1.9661e-14     3.7610e-14     1.8711e-14     1.5430e-14     4.5374e-14     1.3811e-14     2.5667e-14     1.3651e-13     8.4671e-14     5.0985e-15     6.9355e-14     5.9448e-14     0.0000e+00     1.7071e-14     1.6436e-15     0.0000e+00     0.0000e+00     0.0000e+00     

Node 37 Pos X       1.702807       1.702804       1.702800       1.702794       1.702793       1.702791       1.702787       1.800206       1.800191       1.800100       1.800158       1.800141       1.800124       1.800109       1.800094       1.800092       1.800085       1.800089       1.800094       1.800106       
Node 37 Pos Y       -0.017163      -0.016930      -0.016556      -0.016070      -0.015925      -0.015744      -0.015402      -0.009082      -0.008747      -0.006327      -0.007940      -0.007497      -0.007044      -0.006591      -0.006146      -0.006053      -0.005845      -0.005954      -0.006127      -0.006505      
Node 37 Pos Z       0.000000       0.000000       0.000000       0.000000       0.000000       0.000000       0.000000       0.000000       0.000000       0.000000       0.000000       0.000000       0.000000       0.000000       0.000000       0.000000       0.000000       0.000000       0.000000       0.000000       
Node 37 Eta 0       0.0000e+00     2.6175e-16     1.6643e-15     3.6390e-15     0.0000e+00     0.0000e+00     0.0000e+00     0.0000e+00     0.0000e+00     0.0000e+00     0.0000e+00     0.0000e+00     0.0000e+00     0.0000e+00     0.0000e+00     0.0000e+00     0.0000e+00     0.0000e+00     0.0000e+00     0.0000e+00     
Node 37 Eta 1       0.0000e+00     0.0000e+00     0.0000e+00     0.0000e+00     5.2292e-13     0.0000e+00     0.0000e+00     1.0313e-02     1.0311e-02     9.9146e-04     1.0307e-02     1.0305e-02     1.0302e-02     1.0300e-02     1.0298e-02     1.0601e-02     1.0600e-02     1.0600e-02     1.0601e-02     1.0300e-02     
Node 37 Eta 2       0.0000e+00     5.7347e-15     9.3522e-15     1.7463e-14     1.1227e-14     8.2649e-15     2.3195e-14     5.1168e-15     9.3560e-15     9.0942e-14     3.1800e-14     1.9694e-15     1.2753e-14     1.1901e-14     0.0000e+00     7.7195e-15     1.0273e-15     0.0000e+00     0.0000e+00     0.0000e+00     

Node 38 Pos X       1.800110       1.800107       1.800102       1.800096       1.800095       1.800093       1.800089       1.800047       1.800043       1.790050       1.800036       1.800032       1.800028       1.800025       1.800021       1.800021       1.800019       1.800020       1.800021       1.800024       
Node 38 Pos Y       -0.006634      -0.006543      -0.006399      -0.006211      -0.006155      -0.006085      -0.005953      -0.004326      -0.004166      -0.003164      -0.003782      -0.003571      -0.003355      -0.003139      -0.002927      -0.002883      -0.002784      -0.002836      -0.002918      -0.003098      
Node 38 Pos Z       0.000000       0.000000       0.000000       0.000000       0.000000       0.000000       0.000000       0.000000       0.000000       0.000000       0.000000       0.000000       0.000000       0.000000       0.000000       0.000000       0.000000       0.000000       0.000000       0.000000       
Node 38 Eta 0       0.0000e+00     0.0000e+00     0.0000e+00     0.0000e+00     0.0000e+00     0.0000e+00     0.0000e+00     0.0000e+00     0.0000e+00     0.0000e+00     0.0000e+00     0.0000e+00     0.0000e+00     0.0000e+00     0.0000e+00     0.0000e+00     0.0000e+00     0.0000e+00     0.0000e+00     0.0000e+00     
Node 38 Eta 1       1.1748e-02     1.1747e-02     1.1747e-02     1.1746e-02     1.1745e-02     1.1745e-02     1.1744e-02     1.9892e-03     1.9900e-03     0.0000e+00     1.9917e-03     1.9926e-03     1.9935e-03     1.9943e-03     1.9951e-03     1.9952e-03     1.9955e-03     1.9954e-03     1.9951e-03     1.9945e-03     
Node 38 Eta 2       0.0000e+00     1.1454e-15     1.6488e-15     2.6571e-15     5.0708e-15     2.7864e-15     6.6068e-15     2.6959e-15     4.8570e-15     4.2119e-14     1.6297e-14     9.9827e-16     0.0000e+00     0.0000e+00     0.0000e+00     3.8347e-15     1.0567e-15     0.0000e+00     0.0000e+00     0.0000e+00     

Node 39 Pos X       1.780000       1.780000       1.780000       1.780000       1.780000       1.780000       1.780000       1.780000       1.780000       1.780000       1.780000       1.780000       1.780000       1.780000       1.780000       1.780000       1.780000       1.780000       1.780000       1.780000       
Node 39 Pos Y       0.000000       0.000000       0.000000       0.000000       0.000000       0.000000       0.000000       0.000000       0.000000       0.000000       0.000000       0.000000       0.000000       0.000000       0.000000       0.000000       0.000000       0.000000       0.000000       0.000000       
Node 39 Pos Z       0.000000       0.000000       0.000000       0.000000       0.000000       0.000000       0.000000       0.000000       0.000000       0.000000       0.000000       0.000000       0.000000       0.000000       0.000000       0.000000       0.000000       0.000000       0.000000       0.000000       
